((("string" .
	 [1 0 0 0 0 0])
	(":message_list" .
	 [1 0 0 0 0 0 0 0 0 0 0 0 0])
	(":message_lists" .
	 [2 0 0 0 0 0 0 0 0 0 0 0 0 0])
	("case" .
	 [1 0 0 0])
	("unless" .
	 [3 0 0 0 0 0])
	("message_list" .
	 [3 0 0 0 0 0 0 0 0 0 0 0])
	("message_validate" .
	 [1 0 0 0 0 0 0 0 0 0 0 0 0 0 0 0])
	("raise" .
	 [1 0 0 0 0])
	("categories" .
	 [2 0 0 0 0 0 0 0 0 0])
	(":password_form" .
	 [1 0 0 0 0 0 0 0 0 0 0 0 0 0])
	(":edit" .
	 [2 0 0 0 0])
	(":back" .
	 [2 0 0 0 0])
	("controller:" .
	 [1 0 0 0 0 0 0 0 0 0 0])
	("password" .
	 [4 0 0 0 0 0 0 0])
	("Password" .
	 [1 0 0 0 0 0 0 0])
	("processing_and_stamp_fee" .
	 [1 0 0 0 0 0 0 0 0 0 0 0 0 0 0 0 0 0 0 0 0 0 0 0])
	("revenue_stamp_fee" .
	 [1 0 0 0 0 0 0 0 0 0 0 0 0 0 0 0 0])
	(":comment" .
	 [1 0 0 0 0 0 0 0])
	("short_name" .
	 [2 0 0 0 0 0 0 0 0 0])
	("to_i" .
	 [2 0 0 0])
	(":student_id" .
	 [1 0 0 0 0 0 0 0 0 0 0])
	("cooperator" .
	 [1 0 0 0 0 0 0 0 0 0])
	("classroom" .
	 [1 0 0 0 0 0 0 0 0])
	(":license_numbe" .
	 [1 0 0 0 0 0 0 0 0 0 0 0 0 0])
	(":license_number3" .
	 [1 0 0 0 0 0 0 0 0 0 0 0 0 0 0 0])
	(":license_number2" .
	 [1 0 0 0 0 0 0 0 0 0 0 0 0 0 0 0])
	(":license_number1" .
	 [1 0 0 0 0 0 0 0 0 0 0 0 0 0 0 0])
	("office" .
	 [2 0 0 0 0 0])
	("to_s" .
	 [1 0 0 0])
	(":address_w14_1" .
	 [1 0 0 0 0 0 0 0 0 0 0 0 0 0])
	(":address_w10" .
	 [1 0 0 0 0 0 0 0 0 0 0 0])
	("50" .
	 [1 0])
	("40" .
	 [2 0])
	("35" .
	 [2 0])
	(":ad30" .
	 [1 0 0 0 0])
	(":ad27" .
	 [2 0 0 0 0])
	(":ad26" .
	 [1 0 0 0 0])
	(":ad25" .
	 [1 0 0 0 0])
	(":ad24" .
	 [1 0 0 0 0])
	(":ad23" .
	 [1 0 0 0 0])
	(":ad22" .
	 [1 0 0 0 0])
	(":ad21" .
	 [1 0 0 0 0])
	(":ad20" .
	 [1 0 0 0 0])
	(":ad18" .
	 [1 0 0 0 0])
	(":ad17" .
	 [1 0 0 0 0])
	(":ad16" .
	 [1 0 0 0 0])
	(":ad15" .
	 [1 0 0 0 0])
	(":ad14" .
	 [1 0 0 0 0])
	(":ad13" .
	 [1 0 0 0 0])
	(":ad12" .
	 [1 0 0 0 0])
	(":ad11" .
	 [1 0 0 0 0])
	(":ad10" .
	 [1 0 0 0 0])
	("30" .
	 [1 0])
	("29" .
	 [1 0])
	("28" .
	 [1 0])
	("27" .
	 [1 0])
	("26" .
	 [1 0])
	("25" .
	 [1 0])
	("24" .
	 [1 0])
	("23" .
	 [1 0])
	("22" .
	 [1 0])
	("21" .
	 [1 0])
	("18" .
	 [1 0])
	("9" .
	 [4])
	("7" .
	 [2])
	("addresses" .
	 [2 0 0 0 0 0 0 0 0])
	("address_line" .
	 [2 0 0 0 0 0 0 0 0 0 0 0])
	("　" .
	 [2])
	("end_date" .
	 [1 0 0 0 0 0 0 0])
	("payment" .
	 [2 0 0 0 0 0 0])
	("new_student_lecture" .
	 [1 0 0 0 0 0 0 0 0 0 0 0 0 0 0 0 0 0 0])
	("v" .
	 [1])
	("S" .
	 [1])
	("submission" .
	 [2 0 0 0 0 0 0 0 0 0])
	("create" .
	 [4 0 0 0 0 0])
	("residence_certificate" .
	 [1 0 0 0 0 0 0 0 0 0 0 0 0 0 0 0 0 0 0 0 0])
	("start_date" .
	 [3 0 0 0 0 0 0 0 0 0])
	("self_procedure" .
	 [2 0 0 0 0 0 0 0 0 0 0 0 0 0])
	("today" .
	 [3 0 0 0 0])
	("student_lecture" .
	 [3 0 0 0 0 0 0 0 0 0 0 0 0 0 0])
	("m" .
	 [1])
	("graduate_date_to_era" .
	 [1 0 0 0 0 0 0 0 0 0 0 0 0 0 0 0 0 0 0 0])
	("to_era" .
	 [2 0 0 0 0 0])
	("expire_date_to_era" .
	 [1 0 0 0 0 0 0 0 0 0 0 0 0 0 0 0 0 0])
	(":graduate_date" .
	 [1 0 0 0 0 0 0 0 0 0 0 0 0 0])
	("f" .
	 [1])
	("post_lecture_treatment" .
	 [1 0 0 0 0 0 0 0 0 0 0 0 0 0 0 0 0 0 0 0 0 0])
	("lecture_name" .
	 [2 0 0 0 0 0 0 0 0 0 0 0])
	("add_row" .
	 [1 0 0 0 0 0 0])
	("sum" .
	 [1 0 0])
	("p" .
	 [1])
	(":update_lecture" .
	 [1 0 0 0 0 0 0 0 0 0 0 0 0 0 0])
	("lecture_type" .
	 [4 0 0 0 0 0 0 0 0 0 0 0])
	("update_lecture_schedule" .
	 [1 0 0 0 0 0 0 0 0 0 0 0 0 0 0 0 0 0 0 0 0 0 0])
	("joins" .
	 [1 0 0 0 0])
	(":prefecture" .
	 [2 0 0 0 0 0 0 0 0 0 0])
	(":offices" .
	 [1 0 0 0 0 0 0 0])
	("Site" .
	 [1 0 0 0])
	("site" .
	 [1 0 0 0])
	(":ki_a" .
	 [1 0 0 0 0])
	(":ki_b" .
	 [1 0 0 0 0])
	(":municipality" .
	 [1 0 0 0 0 0 0 0 0 0 0 0 0])
	(":lecture_date" .
	 [2 0 0 0 0 0 0 0 0 0 0 0 0])
	(":lecture_number" .
	 [2 0 0 0 0 0 0 0 0 0 0 0 0 0 0])
	("code" .
	 [1 0 0 0])
	("pref" .
	 [3 0 0 0])
	("student" .
	 [1 0 0 0 0 0 0])
	("address_prefecture_plus" .
	 [1 0 0 0 0 0 0 0 0 0 0 0 0 0 0 0 0 0 0 0 0 0 0])
	("d" .
	 [1])
	("8" .
	 [4])
	("4" .
	 [9])
	("address" .
	 [7 0 0 0 0 0 0])
	("prefecture" .
	 [3 0 0 0 0 0 0 0 0 0])
	("male" .
	 [2 0 0 0])
	(":show" .
	 [1 0 0 0 0])
	(":member" .
	 [1 0 0 0 0 0 0])
	("on:" .
	 [2 0 0])
	(":doc01" .
	 [1 0 0 0 0 0])
	("get" .
	 [2 0 0])
	("do" .
	 [2 0])
	("show" .
	 [1 0 0 0])
	("new_lecture_doc" .
	 [1 0 0 0 0 0 0 0 0 0 0 0 0 0 0])
	("title" .
	 [5 0 0 0 0])
	("reverse" .
	 [1 0 0 0 0 0 0])
	("target_day" .
	 [1 0 0 0 0 0 0 0 0 0])
	("rand" .
	 [2 0 0 0])
	("session_id" .
	 [1 0 0 0 0 0 0 0 0 0])
	(":required" .
	 [1 0 0 0 0 0 0 0 0])
	("default:" .
	 [2 0 0 0 0 0 0 0])
	("j" .
	 [1])
	("en" .
	 [1 0])
	("gengo" .
	 [1 0 0 0 0])
	("date" .
	 [11 0 0 0])
	("s" .
	 [2])
	("text_field_tag" .
	 [2 0 0 0 0 0 0 0 0 0 0 0 0 0])
	(":exam" .
	 [1 0 0 0 0])
	("validates_presence_of" .
	 [1 0 0 0 0 0 0 0 0 0 0 0 0 0 0 0 0 0 0 0 0])
	("has_many" .
	 [1 0 0 0 0 0 0 0])
	("belongs_to" .
	 [7 0 0 0 0 0 0 0 0 0])
	("integer" .
	 [1 0 0 0 0 0 0])
	(":name" .
	 [8 0 0 0 0])
	(":cource_id" .
	 [1 0 0 0 0 0 0 0 0 0])
	(":prefecture_id" .
	 [1 0 0 0 0 0 0 0 0 0 0 0 0 0])
	("false" .
	 [3 0 0 0 0])
	("default" .
	 [3 0 0 0 0 0 0])
	("price" .
	 [1 0 0 0 0])
	("class:" .
	 [1 0 0 0 0 0])
	(":div" .
	 [1 0 0 0])
	("else" .
	 [6 0 0 0])
	("if" .
	 [16 0])
	("def" .
	 [24 0 0])
	("buyable?" .
	 [2 0 0 0 0 0 0 0])
	("favorite_images" .
	 [1 0 0 0 0 0 0 0 0 0 0 0 0 0 0])
	("20" .
	 [3 0])
	("6" .
	 [4])
	("5" .
	 [8])
	("2" .
	 [12])
	("Rails" .
	 [1 0 0 0 0])
	("root" .
	 [1 0 0 0])
	("parseo" .
	 [1 0 0 0 0 0])
	("parse" .
	 [1 0 0 0 0])
	("encoding:" .
	 [1 0 0 0 0 0 0 0 0])
	("to_json" .
	 [1 0 0 0 0 0 0])
	("max" .
	 [1 0 0])
	("present" .
	 [1 0 0 0 0 0 0])
	("100" .
	 [2 0 0])
	("true" .
	 [6 0 0 0])
	("privacy" .
	 [8 0 0 0 0 0 0])
	(":" .
	 [22])
	("?" .
	 [7])
	("present?" .
	 [17 0 0 0 0 0 0 0])
	("convert" .
	 [1 0 0 0 0 0 0])
	("t" .
	 [5])
	("delivery" .
	 [13 0 0 0 0 0 0 0])
	("product" .
	 [2 0 0 0 0 0 0])
	("new" .
	 [4 0 0])
	("output" .
	 [1 0 0 0 0 0])
	("customer" .
	 [2 0 0 0 0 0 0 0])
	("customer_hash" .
	 [1 0 0 0 0 0 0 0 0 0 0 0 0])
	("dm_hash" .
	 [2 0 0 0 0 0 0])
	("product_order_hash" .
	 [1 0 0 0 0 0 0 0 0 0 0 0 0 0 0 0 0 0])
	(":environment" .
	 [1 0 0 0 0 0 0 0 0 0 0 0])
	("pp" .
	 [38 0])
	("order" .
	 [3 0 0 0 0])
	("i" .
	 [9])
	("0" .
	 [16])
	("1" .
	 [12])
	(":photo_group" .
	 [1 0 0 0 0 0 0 0 0 0 0 0])
	(":file" .
	 [1 0 0 0 0])
	("photo_group" .
	 [2 0 0 0 0 0 0 0 0 0 0])
	("rinari" .
	 [3 0 0 0 0 0])
	("item" .
	 [2 0 0 0])
	(":food_id" .
	 [1 0 0 0 0 0 0 0])
	(":private" .
	 [1 0 0 0 0 0 0 0])
	("food" .
	 [1 0 0 0])
	("Food" .
	 [1 0 0 0])
	("private" .
	 [2 0 0 0 0 0 0])
	("user" .
	 [4 0 0 0])
	("Private" .
	 [1 0 0 0 0 0 0])
	("reservation" .
	 [1 0 0 0 0 0 0 0 0 0 0])
	("tel" .
	 [2 0 0])
	("attribute_name" .
	 [6 0 0 0 0 0 0 0 0 0 0 0 0 0])
	("model_name" .
	 [4 0 0 0 0 0 0 0 0 0])
	(":fax" .
	 [1 0 0 0])
	("parent_tag" .
	 [1 0 0 0 0 0 0 0 0 0])
	("parent_tags" .
	 [1 0 0 0 0 0 0 0 0 0 0])
	(":project" .
	 [1 0 0 0 0 0 0 0])
	("blank?" .
	 [4 0 0 0 0 0])
	("find" .
	 [1 0 0 0])
	("nil?" .
	 [3 0 0 0])
	("name:" .
	 [1 0 0 0 0])
	("name" .
	 [24 0 1 0])
	("Hash" .
	 [6 0 0 0])
	(":device_id" .
	 [1 0 0 0 0 0 0 0 0 0])
	("build" .
	 [2 0 0 0 0])
	(":device" .
	 [1 0 0 0 0 0 0])
	(":device_reports" .
	 [1 0 0 0 0 0 0 0 0 0 0 0 0 0 0])
	("department" .
	 [1 0 0 0 0 0 0 0 0 0])
	("is" .
	 [2 0])
	("is_promotion_department?" .
	 [2 0 0 0 0 0 0 0 0 0 0 0 0 0 0 0 0 0 0 0 0 0 0 0])
	("current_user" .
	 [7 0 0 0 0 0 0 0 0 0 0 0])
	("redirect_to" .
	 [3 0 0 0 0 0 0 0 0 0 0])
	("login_url" .
	 [1 0 0 0 0 0 0 0 0])
	("root_url" .
	 [4 0 0 0 0 0 0 0])
	(":index" .
	 [1 0 0 0 0 0])
	("index" .
	 [1 0 0 0 0])
	(":create" .
	 [1 0 0 0 0 0 0])
	("destroy" .
	 [1 0 0 0 0 0 0])
	("self" .
	 [1 0 0 0])
	("article" .
	 [1 0 0 0 0 0 0])
	("a" .
	 [14])
	("photo_articles" .
	 [1 0 0 0 0 0 0 0 0 0 0 0 0 0])
	(":article" .
	 [1 0 0 0 0 0 0 0])
	(":photo" .
	 [4 0 0 0 0 0])
	("photo" .
	 [2 0 0 0 0])
	("Article" .
	 [2 0 0 0 0 0 0])
	("category" .
	 [2 0 0 0 0 0 0 0])
	("!" .
	 [3])
	("notice:" .
	 [2 0 0 0 0 0 0])
	("doc" .
	 [6 0 0])
	("id" .
	 [8 0])
	("row" .
	 [8 0 0])
	("exam" .
	 [1 0 0 0])
	("Examination" .
	 [1 0 0 0 0 0 0 0 0 0 0])
	("return" .
	 [2 0 0 0 0 0])
	("3" .
	 [6])
	("10" .
	 [3 0])
	("11" .
	 [3 0])
	("12" .
	 [3 0])
	("13" .
	 [3 0])
	("14" .
	 [3 0])
	("15" .
	 [3 0])
	("16" .
	 [3 0])
	("17" .
	 [3 0])
	("postcode" .
	 [1 0 0 0 0 0 0 0])
	("postcode_forward" .
	 [1 0 0 0 0 0 0 0 0 0 0 0 0 0 0 0])
	("postcode_backward" .
	 [1 0 0 0 0 0 0 0 0 0 0 0 0 0 0 0 0])
	(":furigana" .
	 [2 0 0 0 0 0 0 0 0])
	(":site" .
	 [3 0 0 0 0])
	(":male" .
	 [1 0 0 0 0])
	(":license_number" .
	 [1 0 0 0 0 0 0 0 0 0 0 0 0 0 0])
	(":number" .
	 [2 0 0 0 0 0 0])
	(":birthday" .
	 [1 0 0 0 0 0 0 0 0])
	(":residence" .
	 [2 0 0 0 0 0 0 0 0 0])
	(":date" .
	 [5 0 0 0 0])
	("furigana" .
	 [3 0 0 0 0 0 0 0])
	("birthday" .
	 [1 0 0 0 0 0 0 0])
	(":sex" .
	 [1 0 0 0])
	(":license_type" .
	 [4 0 0 0 0 0 0 0 0 0 0 0 0])
	("page" .
	 [6 0 0 0])
	(":fee" .
	 [2 0 0 0])
	(":lecture_type" .
	 [2 0 0 0 0 0 0 0 0 0 0 0 0])
	(":body_check" .
	 [1 0 0 0 0 0 0 0 0 0 0])
	(":stamp" .
	 [1 0 0 0 0 0])
	(":post" .
	 [2 0 0 0 0])
	(":lecture_name" .
	 [1 0 0 0 0 0 0 0 0 0 0 0 0])
	(":page" .
	 [1 0 0 0 0])
	(":address" .
	 [3 0 0 0 0 0 0 0])
	(":graduate_number" .
	 [1 0 0 0 0 0 0 0 0 0 0 0 0 0 0 0])
	(":course_name" .
	 [1 0 0 0 0 0 0 0 0 0 0 0])
	(":default" .
	 [1 0 0 0 0 0 0 0])
	(":learning_result" .
	 [1 0 0 0 0 0 0 0 0 0 0 0 0 0 0 0])
	(":class" .
	 [2 0 0 0 0 0])
	(":training_fee" .
	 [1 0 0 0 0 0 0 0 0 0 0 0 0])
	("course" .
	 [1 0 0 0 0 0])
	(":practice_result" .
	 [1 0 0 0 0 0 0 0 0 0 0 0 0 0 0 0])
	(":license" .
	 [2 0 0 0 0 0 0 0])
	("month" .
	 [1 0 0 0 0])
	("day" .
	 [1 0 0])
	("presence" .
	 [4 0 0 0 0 0 0 0])
	("offices" .
	 [3 0 0 0 0 0 0])
	("possible_classes" .
	 [1 0 0 0 0 0 0 0 0 0 0 0 0 0 0 0])
	("possible_class" .
	 [1 0 0 0 0 0 0 0 0 0 0 0 0 0])
	(":learning_start_date" .
	 [1 0 0 0 0 0 0 0 0 0 0 0 0 0 0 0 0 0 0 0])
	(":learning_end" .
	 [1 0 0 0 0 0 0 0 0 0 0 0 0])
	(":practice_end" .
	 [1 0 0 0 0 0 0 0 0 0 0 0 0])
	("first" .
	 [1 0 0 0 0])
	("new_lectures" .
	 [1 0 0 0 0 0 0 0 0 0 0 0])
	("count" .
	 [3 0 0 0 0])
	(":learning_site" .
	 [1 0 0 0 0 0 0 0 0 0 0 0 0 0])
	("rule_site" .
	 [1 0 0 0 0 0 0 0 0])
	("rule_site_name" .
	 [2 0 0 0 0 0 0 0 0 0 0 0 0 0])
	("practical_site_name" .
	 [1 0 0 0 0 0 0 0 0 0 0 0 0 0 0 0 0 0 0])
	("only:" .
	 [1 0 0 0 0])
	("logout" .
	 [1 0 0 0 0 0])
	(":email" .
	 [5 0 0 0 0 0])
	("params" .
	 [3 0 0 0 0 0])
	(":user" .
	 [3 0 0 0 0])
	(":life" .
	 [1 0 0 0 0])
	(":aliveness" .
	 [2 0 0 0 0 0 0 0 0 0])
	(":profile_picture" .
	 [2 0 0 0 0 0 0 0 0 0 0 0 0 0 0 0])
	("prof_pic" .
	 [2 0 0 0 0 0 0 0])
	("update_attribute" .
	 [1 0 0 0 0 0 0 0 0 0 0 0 0 0 0 0])
	("update_attributes" .
	 [1 0 0 0 0 0 0 0 0 0 0 0 0 0 0 0 0])
	("update" .
	 [1 0 0 0 0 0])
	("profile_picture:" .
	 [2 0 0 0 0 0 0 0 0 0 0 0 0 0 0 0])
	("lack" .
	 [5 0 0 0])))
